1141
2389
2604
4479
6072
6767
7050
7111
10313
12125
12160
13486
13527
13969
14102
14135
15207
15559
15996
17320
17542
18167
18844
19304
19686
19759
20246
21300
21614
22197
22889
23026
25284
25954
27304
28891
29309
29394
30152
31521
32766
34800
35400
36815
37392
37447
38840
41377
42818
43513
43763
44198
44203
44707
45377
45592
46349
47708
50046
50824
51504
51518
51999
52914
54487
54500
57237
57854
58800
58832
59687
60064
61399
62786
63128
64385
64849
65838
66003
67087
67491
67539
68097
68217
68980
69705
70106
72434
73236
73669
74024
74783
75294
75536
75551
75691
76118
76247
76841
78539
79503
81346
84978
85769
86520
87141
88227
89121
89484
92748
93205
93953
95554
95966
96397
96863
97623
98942
98947
98948
100327
101561
102416
102474
102993
103591
103597
104109
104134
105255
105266
107410
107755
108390
108903
111138
111172
112292
114029
114167
114669
115104
117811
117868
118730
121344
121599
122837
125665
125874
127988
128312
128320
128402
130164
131199
131243
132614
132622
132847
133860
134029
136016
136052
136472
137592
137674
137979
139090
139119
140196
140436
140444
140979
140997
141575
141938
142962
144798
144855
145241
145437
147341
147511
148194
148800
149548
151201
151975
153046
157622
157912
158800
158993
158999
160000
160390
160805
161037
161830
162351
162364
162414
162482
162834
163017
163606
164162
164625
165406
165822
166178
166842
168547
168986
169329
169940
170320
171474
171947
172763
174665
175226
175288
175579
176021
176196
177158
177627
177869
178037
179881
180360
181438
181983
182607
187394
188718
190034
190044
192593
192768
194224
194509
194601
194663
194982
195707
195987
196186
196597
197806
200257
201631
202428
202449
202733
204361
205110
205965
207564
208219
208434
208479
211557
214742
214767
214800
215841
215847
216160
216182
216369
216823
218035
218293
218851
219050
219383
219798
220284
220946
221148
221564
221718
221735
224433
224641
225089
225122
227185
227632
228650
229394
231445
231656
232339
233055
233683
233937
234114
236017
236051
239179
241798
242670
243129
245343
249224
250854
251315
251613
251624
251692
251853
251880
252174
252735
252860
253163
254889
255127
255140
255390
255586
255603
257230
257322
257366
257559
258832
259384
261083
261121
261609
262687
262898
263251
263313
263990
264254
265299
265827
268582
268848
268986
269502
270234
271572
271771
271911
272495
272496
272533
273088
273665
274187
275662
276339
276984
278897
279574
280153
283026
283781
283787
284021
284465
284681
284922
285737
286166
286647
286660
286869
288486
288580
289583
290004
290840
290983
291948
292452
292621
292954
293012
293013
293850
293877
296648
296717
297717
298529
299744
300648
300649
302318
302359
302905
303949
304197
304839
305535
305541
305985
306024
306395
307357
313593
313806
314430
315195
315729
316451
317416
318205
319066
319095
320432
320499
320555
320943
321914
322482
322671
324730
325019
325041
326436
327783