1
4
6
10
13
14
15
16
20
22
23
25
26
27
29
30
34
35
36
38
40
43
46
47
48
49
50
52
54
58
60
63
66
68
70
73
74
75
76
80
81
85
87
90
92
93
96
98
100
101
102
103
104
105
106
107
108
110
115
117
118
119
120
121
123
124
126
127
128
129
130
131
134
135
136
137
139
140
141
145
148
149
150
151
153
154
155
159
162
163
165
166
167
168
169
170
171
172
174
177
179
183
189
190
192
194
195
197
198
207
209
210
213
215
217
218
219
220
221
222
223
227
228
229
230
231
232
236
237
239
240
245
246
248
250
253
254
255
256
257
258
259
260
261
263
264
265
267
272
275
279
281
282
285
288
290
291
296
297
298
300
302
303
304
305
307
308
309
314
315
316
317
318
319
320
321
323
327
335
336
337
339
341
342
345
348
349
353
354
356
363
364
365
369
370
371
372
373
375
376
379
380
381
382
384
385
386
387
389
391
392
393
394
397
399
400
402
404
409
411
413
419
425
426
427
428
429
432
434
435
436
437
438
441
444
447
452
457
460
461
466
467
470
471
472
473
474
478
479
481
482
485
491
493
495
496
497
498
500
501
503
504
506
508
515
522
523
524
526
527
528
529
530
533
537
539
540
543
544
545
547
548
550
552
553
554
559
560
561
562
565
566
569
571
574
575
576
578
580
581
582
585
587
591
595
597
599
604
612
614
616
618
619
620
621
622
623
624
625
626
629
630
631
632
633
634
636
637
638
639
641
642
645
646
648
651
652
654
655
657
658
662
664
666
667
668
669
671
672
673
676
677
678
679
680
682
683
687
688
689
690
691
694
699
700
701
702
705
707
708
713
714
716
717
718
722
723
725
726
727
728
732
734
735
737
739
740
741
742
745
746
748
749
752
753
754
757
758
759
761
763
764
765
766
767
768
769
773
785
786
787
791
793
795
796
798
799
800
804
805
807
808
810
812
815
818
819
820
821
823